0,444
0,443
0,442
0,441
0,440
0,439
0,438
0,437
0,436
0,435
0,434
0,433
0,432
0,431
0,430
0,429
0,428
0,427
0,426
0,425
0,424
0,423
0,422
0,421
0,420
0,419
0,418
0,417
0,416
0,415
0,414
0,413
0,412
0,411
0,410
0,409
0,408
0,407
0,406
0,405
0,404
41,5
41,4
41,3
41,2
41,1
41,0
0,278
0,273
0,270
40,4
40,3
40,2
40,1
40,0
39,3
39,2
39,1
39,0
0,403
0,402
0,401
0,400
0,399
0,398
0,397
0,396
37,52
37,51
37,50
37,49
37,48
37,47
37,46
37,45
37,44
37,43
37,42
37,41
37,40
37,39
37,38
37,37
37,36
37,35
38,3
38,2
0,9
38,1
38,0
10,290
10,158
10,124
10,280
10,140
10,16
10,90
10,94
